AB
A9
A7
A5
A3
A1
9F
9D
9B
99
97
96
94
92
90
8E
8D
8B
89
87
86
84
82
81
7F
7D
7C
7A
79
77
75
74
72
71
6F
6E
6C
6B
69
68
67
65
64
62
61
60
5E
5D
5C
5A
59
58
56
55
54
53
51
50
4F
4E
4D
4B
4A
49
48
47
46
45
44
43
41
40
3F
3E
3D
3C
3B
3A
39
38
37
37
36
35
34
33
32
31
30
2F
2F
2E
2D
2C
2B
2A
2A
29
28
27
27
26
25
24
24
23
22
22
21
20
20
1F
1E
1E
1D
1D
1C
1B
1B
1A
1A
19
18
18
17
17
16
16
15
15
14
14
13
13
12
12
12
11
11
10
10
0F
0F
0F
0E
0E
0E
0D
0D
0C
0C
0C
0B
0B
0B
0A
0A
0A
0A
09
09
09
08
08
08
08
07
07
07
07
06
06
06
06
06
05
05
05
05
05
04
04
04
04
04
04
03
03
03
03
03
03
03
03
02
02
02
02
02
02
02
02
02
02
01
01
01
01
01
01
01
01
01
01
01
01
01
01
01
01
00
00
00
00
00
00
00
00
00
00
00
00
00
00
00
00
00
00
00
00
00
00
00
00
00
00
00
00
00
00
00
00
00
00
00
00
